Time;[95:17];[95:34];[500:10]
time;HEX1\HEX1 Temperatuur downstream (S4);HEX1\HEX1 Druk downstream (S8);DNST\Flexim Pers5 Debiet thermische olie
sec;°C;bar;m³/h

stoptime;19.10.2022 16:32:22.422073
signalCount;2395

12.10.2022 16:32:22.422073;214,304;5,08928;392,263
12.10.2022 17:32:22.422073;210,109;5,03622;426,998
12.10.2022 18:32:22.422073;261,467;4,80381;431,412
12.10.2022 19:32:22.422073;259,715;5,11077;407,193
12.10.2022 20:32:22.422073;252,711;5,04077;432,551
12.10.2022 21:32:22.422073;245,711;5,05018;453,345
12.10.2022 22:32:22.422073;239,211;5,05092;436,019
12.10.2022 23:32:22.422073;233,211;5,02772;463,406
13.10.2022 00:32:22.422073;227,493;5,10318;396,165
13.10.2022 01:32:22.422073;222,109;5,03099;432,199
13.10.2022 02:32:22.422073;217,594;5,01406;437,377
13.10.2022 03:32:22.422073;212,804;5,03108;453,718
13.10.2022 04:32:22.422073;259,41;4,75212;431,34
13.10.2022 05:32:22.422073;269,282;4,77177;436,181
13.10.2022 06:32:22.422073;286,282;4,92131;351,017
13.10.2022 07:32:22.422073;279,891;4,90868;380,026
13.10.2022 08:32:22.422073;281,891;4,90236;375,454
13.10.2022 09:32:22.422073;277,985;4,80358;420,23
13.10.2022 10:32:22.422073;277,718;4,79959;420,465
13.10.2022 11:32:22.422073;277,812;4,77602;425,097
13.10.2022 12:32:22.422073;278,718;4,78783;430,131
13.10.2022 13:32:22.422073;278,26;4,78665;417,129
13.10.2022 14:32:22.422073;278,188;4,75777;426,835
13.10.2022 15:32:22.422073;278,515;4,76553;429,127
13.10.2022 16:32:22.422073;275,515;4,80698;406,969
13.10.2022 17:32:22.422073;277,473;4,84131;384,259
13.10.2022 18:32:22.422073;278,188;4,75075;425,417
13.10.2022 19:32:22.422073;278,579;4,80451;411,076
13.10.2022 20:32:22.422073;277,515;4,79301;400,288
13.10.2022 21:32:22.422073;279,579;4,78996;391,299
13.10.2022 22:32:22.422073;277,985;4,78906;408,725
13.10.2022 23:32:22.422073;277,515;4,80883;397,705
14.10.2022 00:32:22.422073;277,222;4,80603;387,092
14.10.2022 01:32:22.422073;281,685;4,84124;386,848
14.10.2022 02:32:22.422073;274,718;4,79911;388,491
14.10.2022 03:32:22.422073;282,985;4,85319;372,931
14.10.2022 04:32:22.422073;277,782;4,79731;398,54
14.10.2022 05:32:22.422073;277,579;4,85701;352,822
14.10.2022 06:32:22.422073;277,609;4,84695;353,789
14.10.2022 07:32:22.422073;277,688;4,73817;420,793
14.10.2022 08:32:22.422073;276,312;4,76346;423,916
14.10.2022 09:32:22.422073;277,232;4,74521;406,976
14.10.2022 10:32:22.422073;276,609;3,92306;394,633
14.10.2022 11:32:22.422073;278,579;4,27274;429,229
14.10.2022 12:32:22.422073;278,109;4,29148;422,573
14.10.2022 13:32:22.422073;278,421;4,3035;430,517
14.10.2022 14:32:22.422073;277,812;4,29479;412,144
14.10.2022 15:32:22.422073;277,921;4,2973;417,015
14.10.2022 16:32:22.422073;278,485;4,29546;424,699
14.10.2022 17:32:22.422073;278,282;4,28945;425,73
14.10.2022 18:32:22.422073;278,985;4,2885;406,922
14.10.2022 19:32:22.422073;278,188;4,29682;409,725
14.10.2022 20:32:22.422073;277,536;4,28125;418,405
14.10.2022 21:32:22.422073;277,421;4,27845;416,683
14.10.2022 22:32:22.422073;278,282;4,2637;424,464
14.10.2022 23:32:22.422073;278,188;4,28318;425,906
15.10.2022 00:32:22.422073;277,421;4,26863;414,887
15.10.2022 01:32:22.422073;277,782;4,28872;415,183
15.10.2022 02:32:22.422073;277,985;4,29379;410,854
15.10.2022 03:32:22.422073;280,937;4,34949;384,518
15.10.2022 04:32:22.422073;277,718;4,38341;405,677
15.10.2022 05:32:22.422073;278,312;4,38696;407,982
15.10.2022 06:32:22.422073;276,812;4,40408;389,3
15.10.2022 07:32:22.422073;278,485;4,3807;398,694
15.10.2022 08:32:22.422073;278,015;4,38176;402,769
15.10.2022 09:32:22.422073;277,515;4,31638;405,895
15.10.2022 10:32:22.422073;277,688;4,32253;399,067
15.10.2022 11:32:22.422073;278,079;4,38289;399,014
15.10.2022 12:32:22.422073;278,218;4,37458;420,939
15.10.2022 13:32:22.422073;278,485;4,33606;412,859
15.10.2022 14:32:22.422073;277,985;4,38912;401,098
15.10.2022 15:32:22.422073;278,515;4,39265;418,329
15.10.2022 16:32:22.422073;270,891;4,40322;400,63
15.10.2022 17:32:22.422073;279,579;4,45871;380,269
15.10.2022 18:32:22.422073;280,718;4,47096;390,007
15.10.2022 19:32:22.422073;278,485;4,43046;433,487
15.10.2022 20:32:22.422073;278,282;4,42837;424,073
15.10.2022 21:32:22.422073;277,812;4,40824;423,833
15.10.2022 22:32:22.422073;277,812;4,39578;426,275
15.10.2022 23:32:22.422073;278,718;4,46928;388,966
16.10.2022 00:32:22.422073;277,782;4,40789;428,751
16.10.2022 01:32:22.422073;279,339;4,38204;419,627
16.10.2022 02:32:22.422073;278,282;4,39387;430,761
16.10.2022 03:32:22.422073;277,485;4,39786;425,717
16.10.2022 04:32:22.422073;278,065;4,3883;430,387
16.10.2022 05:32:22.422073;278,782;4,39851;434,46
16.10.2022 06:32:22.422073;275,515;4,40455;421,606
16.10.2022 07:32:22.422073;277,391;4,45463;371,588
16.10.2022 08:32:22.422073;280,282;4,5205;364,636
16.10.2022 09:32:22.422073;278,079;4,40807;425,14
16.10.2022 10:32:22.422073;275,029;4,40672;412,939
16.10.2022 11:32:22.422073;280,282;4,47447;382,553
16.10.2022 12:32:22.422073;277,921;4,40208;425,661
16.10.2022 13:32:22.422073;273,891;4,41935;442,393
16.10.2022 14:32:22.422073;281,218;4,46165;376,115
16.10.2022 15:32:22.422073;278,282;4,43553;402,664
16.10.2022 16:32:22.422073;278,079;4,41294;414,576
16.10.2022 17:32:22.422073;278,485;4,44142;426,74
16.10.2022 18:32:22.422073;283,379;4,57574;342,288
16.10.2022 19:32:22.422073;286,179;4,5607;353,338
16.10.2022 20:32:22.422073;286,921;4,56541;338,396
16.10.2022 21:32:22.422073;286,515;4,56487;348,931
16.10.2022 22:32:22.422073;270,744;4,53928;383,067
16.10.2022 23:32:22.422073;275,891;4,42611;428,422
17.10.2022 00:32:22.422073;278,109;4,5068;438,081
17.10.2022 01:32:22.422073;274,079;4,45047;436,662
17.10.2022 02:32:22.422073;278,015;4,51371;429,361
17.10.2022 03:32:22.422073;278,609;4,47935;429,372
17.10.2022 04:32:22.422073;278,015;4,46478;408,271
17.10.2022 05:32:22.422073;278,812;4,49333;423,66
17.10.2022 06:32:22.422073;278,015;4,45673;410,987
17.10.2022 07:32:22.422073;277,995;4,44419;418,184
17.10.2022 08:32:22.422073;278,282;4,42422;434,566
17.10.2022 09:32:22.422073;278,782;4,42739;436,486
17.10.2022 10:32:22.422073;278,109;4,43269;436,895
17.10.2022 11:32:22.422073;277,485;4,42922;414,35
17.10.2022 12:32:22.422073;278,109;4,43708;425,721
17.10.2022 13:32:22.422073;287,362;4,46292;380,273
17.10.2022 14:32:22.422073;278,109;4,49578;398,708
17.10.2022 15:32:22.422073;278,015;4,48335;405,963
17.10.2022 16:32:22.422073;278,421;4,46365;425,362
17.10.2022 17:32:22.422073;278,515;4,45832;427,491
17.10.2022 18:32:22.422073;277,985;4,44443;412,063
17.10.2022 19:32:22.422073;277,718;4,42793;425,875
17.10.2022 20:32:22.422073;278,485;4,41678;426,197
17.10.2022 21:32:22.422073;277,609;4,42133;419,086
17.10.2022 22:32:22.422073;278,282;4,40481;422,937
17.10.2022 23:32:22.422073;277,985;4,40305;418,946
18.10.2022 00:32:22.422073;278,079;4,40106;423,817
18.10.2022 01:32:22.422073;279,282;4,46775;410,608
18.10.2022 02:32:22.422073;277,812;4,40605;425,914
18.10.2022 03:32:22.422073;280,079;4,5262;374,569
18.10.2022 04:32:22.422073;278,079;4,39409;418,551
18.10.2022 05:32:22.422073;278,187;4,38678;403,574
18.10.2022 06:32:22.422073;278,485;4,3798;412,583
18.10.2022 07:32:22.422073;276,218;4,40423;401,112
18.10.2022 08:32:22.422073;286,312;4,54235;358,244
18.10.2022 09:32:22.422073;287,312;4,53864;343,515
18.10.2022 10:32:22.422073;280,985;4,40929;433,134
18.10.2022 11:32:22.422073;273,312;4,42895;407,033
18.10.2022 12:32:22.422073;278,688;4,41073;406,503
18.10.2022 13:32:22.422073;278,421;4,42942;409,058
18.10.2022 14:32:22.422073;277,782;4,4233;412,81
18.10.2022 15:32:22.422073;277,985;4,43822;423,498
18.10.2022 16:32:22.422073;278,282;4,41919;410,153
18.10.2022 17:32:22.422073;277,109;4,45001;392,695
18.10.2022 18:32:22.422073;276,188;4,41583;399,733
18.10.2022 19:32:22.422073;277,891;4,40758;423,718
18.10.2022 20:32:22.422073;276,015;4,41734;432,051
18.10.2022 21:32:22.422073;277,688;4,43395;410,141
18.10.2022 22:32:22.422073;278,312;4,39319;409,67
18.10.2022 23:32:22.422073;278,282;4,37906;419,551
19.10.2022 00:32:22.422073;278,312;4,3914;408,217
19.10.2022 01:32:22.422073;278,109;4,41297;425,752
19.10.2022 02:32:22.422073;275,985;4,40364;418,712
19.10.2022 03:32:22.422073;276,782;4,38734;412,214
19.10.2022 04:32:22.422073;277,688;4,39631;419,423
19.10.2022 05:32:22.422073;281,188;4,47501;390,085
19.10.2022 06:32:22.422073;278,188;4,39444;415,389
19.10.2022 07:32:22.422073;277,688;4,39607;421,727
19.10.2022 08:32:22.422073;281,218;4,492;380,908
19.10.2022 09:32:22.422073;283,688;4,54685;343,225
19.10.2022 10:32:22.422073;277,718;4,5078;371,193
19.10.2022 11:32:22.422073;277,312;4,5123;373,492
19.10.2022 12:32:22.422073;278,485;4,54037;369,855
19.10.2022 13:32:22.422073;277,819;4,52417;370,495
19.10.2022 14:32:22.422073;278,515;4,39779;417,528
19.10.2022 15:32:22.422073;278,312;4,40007;415,267
